
                            ESTATISTICA DE VENDEDOR
======================================================================================
Nome: CARLOS EDUARDO TOME BARREIROS

--------------------------------------------------------------------------------------
  Mês/Ano           2012                 2011                 2010 
--------------------------------------------------------------------------------------
     1            7.517,23             32.680,10    
     2           21.573,28              9.378,10              9.036,84    
     3           13.445,52              7.277,28             16.282,53    
     4           16.642,84             11.014,60             13.446,55    
     5            3.423,12             28.070,78             36.753,18    
     6           18.559,39             14.171,46              2.024,33    
     7           57.167,71             15.463,39              7.678,00    
     8           27.332,32             10.636,43             39.208,97    
     9           17.349,80             24.112,23             16.947,12    
     10          35.258,30             10.372,68             36.227,37    
     11          40.227,04             52.753,35             29.056,86    
     12          24.899,52             11.438,18             34.638,03    
------------------------------------------------------------------------------------------------

<>
